777707426
707576426
779114426
707491426
772984426
773845426
772691565
777668565
778988565
777048565
776784565
776140565
777921565
777980565
774141565
775131565
775185565
776630565
775913565
764756827
764294797
767717645
772684654
772023349
773842981
774970302
776714548
776958847
778740060
765249474
767010041
765334660
775604760
708245772
764937848
764744707
767465537
779141270
778664349
774118584
764611050
779148676
765064443
703283480
775194448
769849464
703713743
764029084
707496261
764689061
767674264
767512574
779005074
776734482
764011870
773847148
767532684
765336845
772669894
708524874
776720646
703949744
772771354
775733430
704569173
708282544
774169946
772713493
764014662
773060340
774980873
775644853
765083774
775921483
704579624
765266225
789985526
786096826
765768565
767780565
767510565
767643565
765391565
767792565
769807565
778823565
704457565
767245565
765754565
765273565
765083565
769771565
767858565
768699565
767608565
765791565
765374565
768741565
767622565
769977565
767007565
767247565
767347565
767277565
767687565
768737565
765737565
767137565
767775725
767252925
767502625
767761325
703577125
708824125
703141125
708837226
703114926
777994565
779080565
777979565
778739565
779029565
773773565
775964565
775984565
775758565
776669565
777151565
776905565
779143565
772038565
772729565
773020565
773615565
775103565
775133565
775773565
777785565
775048565
775670565
773795565
775970565
777173565
776943565
765216245
765526542
703474583
773817364
765603487
765048583
764484074
775164587
769844247
778629347
764342641
776943749
704551531
708322842
767363374
775654164
774906045
765531324
767194431
767463042
772962544
775178742
772970714
708582340
703913194
767736754
773112054
776797740
776133074
769745514
767461942
769858984
762931894
708390314
708728684
772953704
773084962
767356604
774642341
708690154
773146160
764803983
764379760
764981851
773122565
776762565
773752565
778702565
777042565
775932565
778752565
779782565
779612565
773102565
777722565
779062565
779952565
773092565
776652565
773662565
775002565
779142565
772642565
769883225
764583225
765216225
764697225
767623225
767864225
768981225
769988225
768007225
768127225
765792825
768985325
774979632
704450904
767389844
767360446
765383244
765144542
765087443
764504475
764491057
764452744
707720244
704470374
775640964
767738344
704423224
703449260
703445748
708461526
703543726
703472326
703384426
703890426
776757543
707134245
708663460
769843950
764847144
708496654
703840680
707524902
708602042
773007645
708986564
775640773
703735046
767506225
765703225
769764225
769989225
769894225
767691225
769866225
764426125
765818125
767330125
767549125
708522125
707002125
767809226
769819226
769829226
703295565
703318565
708588565
708905565
708890565
708708565
708623565
707969565
703351565
707225565
703090565
707203565
708328226
708359226
704690226
704618226
708402226
703940226
765174225
765252225
769628225
703190565
708599565
707903565
708967565
703670565
707213565
703834565
708831565
707939565
703893565
707251565
768768225
767157225
765511225
765192225
767666225
767054225
765388225
767579225
767558225
765127225
779783346
708344730
708653640
778654694
776654784
707472505
707859640
779704794
775736347
707847565
708290565
707427565
708593565
707335565
707547565
707212565
703082565
707598565
703105565
708737565
703180565
703609565
105252565
773875143
703427508
773020413
707198814
773197946
707695941
703524834
776605114
708933547
707420905
767661614
775645044
708826746
775696846
773826044
703818947
776956548
707284143
778745813
775614641
707814409
703885564
774104140
774911432
775159349
778714293
774714803
772693045
773762447
708418308
778650746
707884670
767242946
708367144
767126854
772647054
779132341
775966043
708877341
773622404
778643174
707454430
764457981
707239460
703468164
704607505
707827641
707421645
774762874
707874441
703724172
707105254
707346331
703709242
778742294
703653471
703798544
779741270
764859844
773983540
779094280
707501430
707101125
789779626
789714326
793022256
793020256
793021256
705466256
795190228
795075228
794097228
795157228
795021228
795180228
796269228
796126228
796123228
705271256
705347256
705282256
705365256
766036631
766038231
762207131
762147031
762175931
762081731
766153531
769032731
762116831
766024231
766292731
762284531
762094231
766060331
766049131
766071231
766100531
762280531
766025231
762271231
766025831
766059531
766184131
762175823
766116431
769039131
762126131
768297831
762113031
762062238
762072238
762078238
762024238
705248225
705294225
705011225
705320225
705138225
793020556
793121556
705476255
705434255
705384255
705363255
773287856
795036056
762160056
774267056
769106756
762005056
777228556
762165056
769051556
769130956
778401656
705108856
778415256
768234356
793885981
785309195
786612736
798736559
798807545
792243264
797197693
797947019
797967449
786433249
785333127
784489776
785446041
785011280
785828442
784403701
785664956
786156747
783478500
784919809
786527124
783476219
798694845
792440370
798790573
786660791
798632577
784314195
792108025
792107783
792108007
792108042
792107919
792107915
792107827
792107936
792107856
792107942
785558434
784217097
785831874
784357240
784600258
797781291
784598694
797285420
793875490
784561032
797579108
797711815
784980343
792152262
786595025
798508926
798724307
784261857
785053201
798129791
792433037
786236515
785435632
785973824
794474217
785793483
784437122
784239648
785932452
785644134
784481606
792414034
798852250
784417512
797960629
784248752
784862732
785095332
785375534
784862176
786040775
784434800
786755193
785024176
797762106
786594828
798831597
797942261
784376627
794714056
784150361
798563283
783620907
792960558
797919236
797765349
797562414
798144159
797592758
792554907
792941461
797518162
798206275
797794328
797247485
793483027
797325028
797818216
797138321
797655251
785023551
786614711
786025949
798462735
785563043
785810544
784135667
784379280
798528773
798896395
786346018
785787182
793802846
792457307
792168621
784202376
785024383
784396814
784869907
785632972
794422876
797986362
909371234
707487888
707447999
775973888
777145666
764916491
777933311
901304060
931317191
776999499
938506080
708920892
764216421
765136513
934053405
931316191
901107090
903773771
708300830
707710771
774177417
708290829
901315191
772000400
708222122
773127312
772625666
773666366
777122200
777122266
777133300
777773273
932140123
779171666
909973663
703799666
901400123
902701818
906950123
932143214
901113151
703122468
906741234
703412468
909011181
909061221
909747171
909227070
909291100
909614477
909495885
909451996
707534666
909040660
707510666
774907888
707767878
774676888
707347999
902519222
707492666
906867111
707450666
902628111
901346111
902918111
901341000
901479111
901423111
938281919
902307555
909721881
707844999
703422666
707493666
707542666
909423636
934074666
938133813
703162468
909841971
909855775
909871551
901184222
901330222
901364111
901409111
901433000
901475111
903034353
707630630
901447111
901365111
931453666
932043888
903046555
938167555
704499111
777774772
901487111
